436 338 383 340 169 186
436 338 383 340 172 185
436 338 383 340 175 182
436 338 383 340 170 179
436 338 383 340 168 180
436 338 383 340 168 176
436 338 383 340 172 176
436 338 383 340 177 175
436 338 383 340 182 177
436 338 383 340 181 179
436 338 383 340 184 181
436 338 383 340 187 182
436 338 383 340 184 185
436 338 383 340 187 186
436 338 383 340 189 187
436 338 383 340 193 188
436 338 383 340 178 187
436 338 383 340 176 189
436 338 383 340 179 192
436 338 383 340 183 190
436 338 383 340 190 196
436 338 383 340 193 199
436 338 383 340 184 193
436 338 383 340 194 179